1516. 811

11111111 111 111111 111111 11111111, 11111111111111111111
1111111111 1111 1111111111 111111 1111111 1111 11111 11111111,

1111111111( 111111 111111111111111111 11111 111 111111 1111111
11111 111111111111111111, 111111 1111111111 1111 1111111111
11111 111 111111 1111111 1111111111 1111111 11111111 111 1111111 1111
1111 1111111 1111 11111111 1111111111111111111(11111111111
111111 111111111111111 111 111111111111111 111111
11111111111 111 11111111, 111111111 11111111 1111111·
111111111111111111111111116111111111111111111
1111111111111111111111111111111111111111111111
1111111111111111111,11111111111111111)11111111
wer! 111111 111 (1111 1111111, 1111111111 11111111
1111111111. 1111 1111 11111111 6111111 1111111111
11111111, 111 111111 11111111111111 1111 1111111111
monheim 1111111 1111111111111111111. 6111 1111
1111111111111111111111111111111111118111111111111,4
11111111 111111 11111 111 1111111, 1111 11111111 1111111
111111111111111111 11111111 111111111111111 1111 11111111
1111111111111111111111111 1111111 11111111 11 11 1111111111
11111111 (1111111111 11111111 11111111111111 11 1111111111
1111111, 11111111 11111 111 1111111111 1111111, 11 11111 11111111
811111111111111111 111 11111111 11111 111 111111 1111 11111.

11111111111111 11111111 111111 111111 1111111111 11111111
1111111111 11 11111111 111 11111111 11111111 111111111111111111111
111 11111 1111 1111111111111111111 11111, 11111111 111111 111·
1111111111 1111 1111 (1111111111 611111 1111 11111111, 111 111 111
,11111111111111111 1111111 1111111111 1111111 1111118..
1111111 (11111. 11 1111111 1111111 111111111111 1111111 11111.

11111111 111 111111111111111111 11111111 1111111111 11111111.
1111 1111111 1111111 11111111 1111. 61111111 1111 11111111 1111 11
mmmmmwmm

 

