66. · 6

.· 6666 66666666 666 6666 66666666 666666 66 66666 666 666666 6666
666 66 6666 6666666 666 666-6666666666 worn 6666 6666 6666 66666 -
666666 666666. 66666 666 666666 66666 6666 6666666 66666666 66
666 666666 666 86666666 6666 666 6666666666 66666 66666 666666
6666666666 66666 66 66666 6666666666 66666 666666 6666 6666 r
6666666 6666 66666666 666 66 666666 6666666 6666 66666 6666666666 6666 =
666 6666666666 6666666666 666 66. 66666666 6666666 666 6666666

6666, (66 666) 6666666 666 66 66666 66666666 6666 666
6666666 66666 6666 666 (6666666666 666), 666 6666 666
6666666666 6666666666 666666 66666 6666 (666666 36666 66666 666
66666666 666666 666 6666 66666666 6666. ιι (66 ), 666 6666 6666666
0666 66666 6666 666666 6666666 66 666666 666666 666666 66666666 63666.
6666 6666 666666 66 6666666666 666 6666 6666 66666666666666666
6666666 66666 66666666 6666 6666666666 6666666 666666 6666 66666 666666
66666666 666666 6666 6666 ct 666666 6666666666 66 66666 52> 666666
6666 66. 66666666 6666 66666666 666 66666666 666666 666 66666666 666
6166 66666 666 6 66666666 6666666 666 666, 6666. 666 66666 6666666
{a 66666 66666666 666 66 66 666 66666 66666 6666 666666 66666
66666666, ¹) 666 666 66666666 66666 666666 66666666 6666.

6666666666 666 6666 6666666 66 666666 66666666 66666 666
6666 66666 6666666666. ’66666 66666666 666 666 666666666966666
6666666666 66 666666 6666 6666, 666 66666666 666 66666 (6666666 666
6666666666 66 666 66666, 666 666 66666666 66666 6666666666. 666666
666666 6666666666 6666. 666666 6666 6666666 666666666686666666 66
&stag 666 66666 6666 6666666 (6666 66 666 666666 666 66666 66

. 66666 666 666666 ²) 66666666666666 6666 666666 666.

'Det 666666 66666666 666 66666666 666 66666 6666 &tm ’
666666· 66666 6666 6666 6666 666 66666666, 666666 66666666 666666
666 ,66666666 666 66666 6666 666 666 666666 6666 (666666 666

,666666 6666 66666666 6666 6666666666 6666 6666666666666 6666666
’,.666 666 666 66666666 666 6666666666 6666 66666666 666 6666666
..666666 666 66666666 (666666 6666666666 66.” 666 6666666
66666666666666666666 66666666 66666 6666 6666 6666· 666 mut 666
6666666666 6666 6666666 6666666 666666 666 666666 6666666666
6666666 666 6666 6666666666 6666666 66666. 6666 666666 66 666666
66666666 6666 6666666666 666 66 font 66666666, 666666 66·

6666666 66666666 666 6666666666 666 6666666 66666666 666 666

6) 2 9666. m 6. 666 666666 fil. ιι. 2 6666 666 666666 6666666. 6) a 6666.

Αὒῒωῌ ’ J .

 

