111 ’ isio.

enim iusti (11111111111111. Mortuum adinvenimus: 11111.
.“ culo Dei manifesto ¹) vivit. Vale iterum. Die visitationis

Mariae, MDxL.
Τ. Mart· [1111111.

m·-

16. 1111111. Νῦ. MDccochm.

111 11111 11111111.

’ 1111111111111111111111111111111111111111 1111 1111111111,
111111111 1111 1. 111111 11 111111 111 1111111111. 11. 11111111 1111 1111111111
11111111, 111111 zui 111111 111 1111111111 111111111111111111111 1111111 1111
11111 111111 1111 m. 1. 1111111111111111111116111111111. e. secundari
1,.111 1111111. 11111 111 11111111 11111111 11111111 1111111111 11111111
1111 111111111111

——

11111111 111 111 1. 1111111111111111 1111111111 1111111111 1111111111
11 1111111111 111111. 11111111 11.11.1111111111111111111111 1111111111 111 1111
2231:th e. 11 1111 1111111 1111111111 111 111111. 11111 11111 1111

11111111 11111111 21111111 1111111111 1111111111 1118111 11111
51111111 1111 11111111111111111111 11111111.

Θ· 1111. 111111 111111111111 111 1111111111 1111111111
111111 111111 111111 1111 1111111, 111111 1111111111 1111
11111111 1111 111 11111111 (1111111111 11111 1111111, 1111 1111111·
111111111111111111111 111 1111 11111111. 11111 111111 11111111
,1111111 1111111111 1111111 11111111 111111111111111111 11111
11111 31111111 1111111111 111111 1111 11111. 111111 1111111 111
11111111 111 111 11111111 111 6111111111 11111111 1111111, 1111
1111111111 111 1111111 111 11111. 11. 11111111 11 1111111111
1111 11111111 1111111. &age 11111111 111111 1. &diesen ⁴) 111
111111111111111111 111 (11111111 11111 11111111 111 11111 111111
1111111 11111111111111111111 111 111111111111111111111 11111
111111 11111111 1111 1111 11111 11 1111111. 1111111111 1111

’ 1) 11111111111111111.

——m

*i 1111111111111111111111111111111111111 11111111 111 111 1111111
ἓὶδῐῖἑὲιιὲ 131617111111111111 eadit 1111111111111 11111111. 1311. 1111111111 111111

 

