1111. ’11

1717 ιιι 717 1771 7117771177 77711. t„ 7 77171 7777 171711
71711 71117 77177117 77111 717 77171177 17171 7717177111. 7171771 w
771111. 77771 1717177177· 77711111177177171787111 777771 1171·
77777711. 77171717 717771. 71777. 7. 77771 ’1711777 711717171177177
77 1717 7111711 7717 77 11771. 17177 11 717711 77717 7717 777 ιιι»
1171111777 7711717111 71717717171711. 01711771777111717111
ιιι 7711 7117717177 771771 1537.

J 7711171711. N0. Mochxxxlv.

11771117717171117 6177717717 ortt.

ε. 711177171711 511771 71111711777717717111117117111771111711711711111771.
7717775171. 7771707777.

—m

8111117. mm 7171 17171 71771777777777. 11777 7737777.
,flammam 7771777711711111117771117717 1275717777·
7111111777 6671177117 771777177177171.71ιι.ο..,77711 17771
1777177117 371717177711717177 (7171177771 17177111 75771 77. 7111777711.

1717717111 smmum betta &mamistan 67717711
17177177171177. 71717 1717 87111117 711 7771171717 61771-
11177171177177 577177. 2711171Ι 817177 677777717761.
777117777771777711 11177 87177 7771777 7171171177) 11771771·

7177 611177 17177 17111 smum. ’

&aas 117 777171 71771771 1771117177117171177717 17177117
7711171711. 771711 711177 7777 81171717 7717 717 ιιι 1717171177
ιιι 7711 11171717) 717 1711 67717111 7177 7717777777 ιιι 177177 ¹)
171771. ιιι 7117771711. 67771711777171771717 17717 71777 1111
’ 111717777711177177177117 11 711 777171 17177 77177177 77 71771 7. ff«
71771 71177 717717, 1171 7717 7771 1777777777 7117 1171 77171. 711·
u 771 17 71717717 177 771 7717 77771 777 717 711 1717 (711171 777 =
17711 771717771771771) 7777 711 1117177 77777. 7177777111.- 777777.
71 77177 61717711777177 71117717 1771771

77777-1177717Λ777777707177171177177177171...
1777ίαύ117711·

1 ι

 

