1⁵00. 003

8111111111 00 18111111 11111 11111111) 1111111191) §ment
611111111111111 s 001000 11111 11111111) 1111111111111111111 11111111 1)
1111 1000 111. 111111 11111.

11111111 1111 1111111111

ῦτῆίίώ) 111 sse 111111) 111 1111 11111111 111111 11111111 1511111111
11111111 1111) 11111111) 11111 1111111·1ε111111111 11111 mir 1111111 1111111113)
(00000000001 111111 1111111111 §iubet (1111111111111111111 000
000 111191) 1111111111 amen 111. 2

81111 11111111, 11111 111 61111111, 11 ld) 11111) 1111111111 1111011
00 02 1111111111111 1111111) 1111 00 1111111111 000 11111111 11111
1111111114) ¹000 11111 1111911111) 11111 11111111) 000 801 1111111111
1111111111 11111 mehr 11111111.

811111 11111111, 11111 1111111111 1111111111 111 1111 111111 111 1111111
111111 1111 1111111111) 1111111 111 11111111) 111111 1111111111 schem
111 111 0000· 0010an 11111 111111111111111111 1111611111111111111.
91111111)11111111111111111111111111) 1111 111 0000 111111 1111
(11111111111111 111111 11111 11111116) 1111111 111 911111 1111111111) .

111111 000 000 1111111111 1111111111 1111111111) 1111111111111111111111·
000 11111) 11111111 &6000 0000000201 11111 111 τ1ὼ1116111111111111
fricatus 000 1111111111111 socrus nurum, nurus socrum. 911111
00 001th 111 111 11111111 111111 11111 eiam 1111111 11111111 1311·
11111111 111111) 1111 1111) 1111111111 11111 1111111111 ⁷) 1111111111
000oe &0000 1111111111111111 11111111 111 1111111111 1111111119
1111111111) 111 111 1111111111) 11111 1111111111, 11111 11 1111111111
911111111111111111. , ·

11111 11 111 aad, 1111111111ῒ11111111111111 11111111111111111111
1111111(111111 1111 111111 111 111111111111111 11111 wilica 11111 8111111111 <
111111) 00 0¹ 0000‘00000: 50 1111118).111111111 11111 11111 11111111
11111111111111111111111 κ 111111 1111) 1111111111) 1111111111111·
111 11111111 11111111 11111 11111 1111111111 111111111111111119) 1111
1111111) 1111 11111 ists 11111111111111111.

11111 1111 111111 11111111 111111111191111111 911111111111111111
1111111111111111111111111111111111 tt.) Θ. 1. 8. 0. 000000 1111111
0000003 000 1111111119 ¹⁰) 1111111111 11111111 11111 1111111111.

1)111111.-11111111. 2111-111111. mmmm. 11111111111111.
5000000.†00m. 00000100.00000t020. mumolum. 81111111.
1111111111. 9) 111111. 1111 11111. 10) 111111. 1111 11111.

 

