1111. ’611 ·
&inuium 111111 111 111111111111111111) 1111 111111111111111111

’11111111 1111111111 111111111111111111111111111 11111111 11111 1111 11 ’

111 111111 111111 11111111 111 1111111111 1111111111 11111111111111 “
111 11111111 1111 1111111 11111111 1111111111 11111 1111111111· 1111111

111 1111111111111 11111111 111111 (1111 11111111) 11 11111111 1111

1111111111 111 111 1111111113) 111111111111111111111111111111111

11111111 111 61111111 11111111( 16. 111111) 111 1111 11111 11111

111111 1111111111 111 1111111 1111111 1. 1. (1. 1111111111 111111 ’
111111 11111111 611111 11111 1111111 11111111 1111111111 111 1111111111

1111111111 11111111 5111111. 11111111 1111 11111 111 1111111111

1111111111 111 1111 1111111111111111111 wahl 1111111111111 ,
1111111 1111111111 111 1111111 111111111111111111111111 1111 11·
1111111111 1111111 11111111 11111111111111111111111111 1111111111
11111 1111111111 1111111111 111 1111111 111111 111111. 1. 1111111116 )
11111 11111111111111111111111111111131111111 111111 111111 1111
11111111 1111 11111111111. 111111 1111111 1111111 1111 111 1111111
Ι1111 1111111 111 1111111 1111111111 111111 1111111 11111111 111 11
1111111 1111111111 1111111111 1111111111 11111 1111111111 1111111 111
11111 111 1111 11111 11 1111111111 1111111111111111111 11111
,111111111111 11111111 11 111111 111111 1111111 111 11111111 111111
’1111111111 111111. 11111 1111111 1111111111 11111 1111 1111111111
111111 1111 1111111Ε11111 11111 111111 111 111111 1111111111111111
11111 11 11111111111111 1111 1111111111 11111 1111111 611111 11111111
11111111. ι1111 111111 1111 1111111 11111111 11 1111111111111111111111
11111 1111111111 1111. “

. 111111111111111111111 111111111111111 11111111111111111111111 ,

1111111111 1111 11111 1. 1. (1.1 111 111 1111111111 11 1111111111
111111 111 111111 11111111 11111 11 1111111 1111111 1111111111 1111111111
11111 11111111, (1111 11 111 1111 1111111 1111111111 11111111 11111
11111111 111 (11111 11111111 117)11111111 1111111111161111111 111111 ⁴
,11111111 11111 1111111111111 111111111111111111 1111 1111111111
Ι11111 111 11111111 11111111 11111 111111 11111118) 111111 11111 1111111111

Μ*

1)11111111.111111 1,)1111.3)1111111111111111111111. §m
1111111111) 111111111111111 11111 1111 1111111 1111 1111111 ιι 1111 11111111 1111111.
11111111111111111111111111111111111111111111111,11111111111111111111
1111111111111111111111111111111,11111111111111111111 11111. 11. 11 1 1. M
11111111111 11111111111111111111111.1.11.1.11.111111111111111111
11111111.11111.1)1111111111.11

 

