’8 1446. ’
Ι44444444 ³ . No. 4444444414·ι

’ 4444444444 4444444* ὁ Ι, ,
4444444444444444 4444 4444 444444 4444444 44.

444 4444 4444444444 444 4444444444 4444444444 44444 4444444444) 444 444

444441411444144444444 4444 4444444 444 44444444 44444 44444444 4444 8444444444
44 44 4

ῃ

Α 4444 wem XXI. 4444. 4444 4444444 444 44444444 444 6444444 44374. 444 44444

4444444444444 4444444444 4444 4444444444.

94444444 44444 4444444444 444 44444 4444 444444 44444 44444444
‚ 444 4444 444 4444 4444444444 44444444 444 44444444 4444 444444
4444444 44444 44444 4444444444444 4444444 444 44444 444 4444 ’44444
4444 44444444 444 44474444 4444444 4444444444 444 444 444 4444444444
44 44444 444 444 4444444444 444 6444444444 4444 4444444444 444Ᾰ
4444444444 44 44444 444 ¹) 444 44444444 444 44444444 4444444444 4414
4444444 444 444444 44 4444 4444 44444444 4444 4444444 4444444 4444444
4444444444 444 44444 444 (4444444 44444 44444444 44444 4444 6 444
74444 [444444 4444 4444444 44ιῷ4 alienorum curatores vel mspeotores
44444 444 4444 4444 4444444 444444 44444 4444444 444 444444 44444·
4444 444444 44444 444 4444444444 4444444444 4444444 444 4444 444444

’ „ 4444 44444 444 444 44444 4444 64444 44 444 444444 44444444 44444

444 444 444 4444444444 4444444 4444 4444444 44444444 444444 4444
»amabam 444 44444 44 4444444444 444 44444444 44444444 44444

’ 44444444 444 444 444 4444 444 34444444 444 4444444 444444, 4444 44

4444 444 4444444444444444444 444 4444444 444 4444444444 444444
4444444444. 444444 444 4444444 444444 444444 44 44 44444444 444 §blut
444444 4444 444 444 444444 44 444444 4444444444 4444 44444 4444444444

« 444 44444444, 44444 44444 44444 444 44444 444 4444444444 44444444

444 4444 444 (44444444 44444444 444444, 4444444 4444 44 44444
444444 44444 4444444444 4444444 44444 444 444 44444444 6444444444
4444444444 4444444 444 44 4444 4444444 44444 44344444 444 4444444
44444 4444444 444 4444444444 44444 4444 44444 444 444 44444 4444444
444 444444 4444444 4444444444 4444444444 4444444444 444444
444 4444444444 2) 444444 44 44444 444 444 44444444 4444444 44444444,
4444 3) 444 4444444444 444 444 4444 4444 4444444 (44 44 44 4444
444444 444444) 4444 4444444 4444444 4444444 6444444444 4444

ffl

444444444- 444444444444 44. maun: 44444444. 3) 4444444444.

 

