1540. ’

9999999. ’ 9999999999.

⁴ 999 999 99999999 999999. .

§a 999999 99 »a utmagnus »ar-tuem 999 a 999 99999999
‘lm ‘lma

nx 9999999991. xratt 99 99999 99999 No¹⁶1.6.09.·m 99999
m 999 9999 99999999 9999999 199 999 99999999999999919199. 9999999999
9999999999, mm 99 9999999999 9999

Clarissimo Viro, Domino 69999999 Heius (?) 9198999919,
jurium 11999999, saxoniae Cancellario et Consuli, suo
999 Domino Majori 99 confratri 999νὶ999999.

Θ· 9. θ. 9999 99999 9999999. 99999 999999 9999 999 99999999 999
9999999 999 899 999 999 999999 19999 99 999 99999 999999, 9999
999 tuda 9999 tin 9999999999 9919999999 99 9999 999 999 999
999. (9. 99999 99999999 9999) 99999999, 999 Θ. ,9. 9. 99. 999 9999999999
999 (99999999 99999 9999999999 in Θ. 9. ff. 99. 999999. 9999 9999
9999 9999) 9999999999 waben, 9999999 999 9999999 99 9199999999
99999999, 999 im 9999999999] 99999 9999999999 69999 {cous
99 999 99999 99) 9999999999 19 9999999999 99999999, 99999 999
vendanum? 99 99999999 9999 9999999999 999 9999999999 9999
20 89, 9999 9999 999999. 9999999999 (9999999 9999999999. 9999999
9999999999 99 999 haberat: 9999 9999999999999 gemens 999 99999999
99999 5 8¹· 999999. 999 999 999999 999 99991999 enum 9919999999 ³
9999999999 9999. walam 999999 999 9999 9999 19999 999999 9999999

99999999 9999 99 9999999999 99999. 99999999] 999 99999999- 999
9999999 999 9999999999 9999999 9999999 ) 99999 999 999 9999999

*9 ἐ9969999999999999999999999599999.991)9109)ΧΧΧῊ.9,,999999
15³9( 999 ..Mocccxtv ··· · ἰ

 

