115 1111. ’

51551515 15 515155515111115 enm 551115 nomme 15 m
1511511 1551111111. 1561. 1 11111155.1111.561.515.1’11.451.1111551111.
111.1515111111111116131.1151111155

11551 1515511515 151555 2155555 bamam! 1151155

1151 1115555555 su ω111151155.

Θ551555155151515111115. 511 51115 1155511111. 515111 111111
5511 5515551151. 15511 111 1118111 111111 1511. 151 11115115 uim
1151555555 551 55155151. 1155151 151155 (51115111. 111 11115115
51555155511151 6555551155155155. 11111 515115 115 15155 (1555 111
51111111 15515 55151155 11155 551551 (55111111 5551151151). 1551551·
1511 1115 51111 5515155. 1151 155 155 51115 111155 51111 15151. 5151555
115515 5111111555. 51115511 15511. 1515 1515115 5111 511 51515511
5151 115 111151. 1515 1515115115 151111 115515 15111 1515151 5511511115
55511155 111. 1511551111 155 5115 111111 11151. 151 11111155 15115155.
5111 15 115 5511111 111 111551 1151515151.111115111511511155
, 1115155. 115 155 15151515551551155. 111115 115151 1151515 155 155
551151155111555155 115 15515 65551.

1515151551. 511 111 5551 511 151555 11511155 515115. 151155 111
1555155155. 151 111. 115 551115551111151 151155. 11 5115551 155111
5555151155 15511 1155. 115 11111515551151 1155 81115111115511
5515551111515 6555551 5555 11 551115515165511155511 611
1551151 51555 1111111155 115151 1151115115 5155 5111115 55515151
555 15 1111111115 1515111511 5515111551 551 5551151155 1555. 511
115 51111 51511511 1151155. 1111 55515511 1551151 111511 551 1115515551
1155115 5511511511511 151. 1111511511 111 1551511511 111511 11111111 55
5515 151155. 15511 111 15155115 111511. 111511 155 55511 11151151.
1515111155 5111115511. 1111111111111111 55551155 5155 15 5111 511
1511151. 1151 111515 1155 1551151 111511 55115. 11515151 1511 111515
1151 51111 1151511111 5111 151511. 5111115 1111111515 (1551111511)
51515115151111111111. 155 15 5115515151511 1151115511115511
5111111 11115. 115 15155151511111551111511 115511 15115. 5115 11151
15111 111511. 155155551515111511111115555 11511 151155 651155
1555555155 55151155 1111 11511.

51151 15115155 11 515 511155 55111511 1155555155. 115 51 51555
1151 151511. 15511551 51111 1111111151 111 115. 51151. 1551 151 1155551
1155 111551. 151155 551111155151511111. 55155555 5511. 11155
1151151515115111151515155555115. 11111 1511 15155555. 111 1551155
151 15551111 5111 1511155155 11111511 5511155155. 11111 111151 11115
155515 1151151511 151 1155155111 55151555 1551 11511551 1515115

 

