1111 1511.

111111 1111 1111111111111111111111111111 1111 11111 11111 11
Actis Apostolorum. 811111 11111111 11 111 111 ἵ1111111111111
111 1111111 1111111 1111 111111 111111. 111111 111111 1111111111
1111111111111111 11111111 1111 111 1111111111 1111 woffo 11
toufto: 1111111 1111111111 11111 11111111111111 111111 1111101111
1111111, 1111111 111 (1111111111) 111 111111 1111111 &otto ww
11111111111111111111. 11111 11111111 1111111111111111111111
111 11111 1111111 1111 11111111. 111 11 111 1111111111 1111111111
11111 111 11111111 (11111 1111111 111 11111 111111. mammo, 0.
11 111 11111111111111111 1111 11111 11111111 11111 1111111111
6111111111 111111111111111111111 111 11111111 111111 1111111
11111 111111 1111111 1111111111 11111 11 11111 1111 111111 111
1111111111111111111111 11111 111 1111 1111 1111111111 11111
111111111111111111 11111111 11111111 11111111 11111 1111111111
1111 11. oio 111111 111111 1111) 111111 111 111 11111111111111·
111111 1111111111 1111111 11111111 11111111 1111 11111 1111111 1111
111111111611111111. e. 11. 1111111 1111 111111111111111111
Pater noster 11 (1111.. 1111111 111 1111111. 11111111 11. 1111
11111111 11111111 11111 1111111111] 1111. ¹)
1. 11. 1. 11.
111111111111
1111111111 111111.
111111111111111111111111111.

m

11111111. 1111111111. 2

111 1111131111.

¹ 1111111111111 111111 11111111 111 111 111111 1111111111 11111 1111111111 11

——nu—-n

1111 111 ὦ (1111111111 &ommium 111 1111111111 111 611111 1. 111.

Clarissimo Viro, Domino lusto 1011111, Doctori Tmolo-2
yiae, Leqato 01111111 in Halle, suo in Domino Majon
venerando.

Grat. et pacem. Scribo, mi «Iona, tantum, ne istas Ambo-
siau·ioes, optimas feminaS, quas huc misistis, inanes litemuo -

11111111111111111 1513.

 

