55 ¹ 5555.

&aaut 555 655555 55 655565. 65555555 6556555555 65555555 55555
6555555555 · 655 5555 5555 6555565 5555655555. 555 55555 5555 6555555
555 6555555555 5555555555 5555 55555 6555555 55 55555555 555555655,
55555 55655 55555555. 5555 6. 6. 6. (5. 55555555 55555 5555555 55655
’5555555555 55 55555 6555. 555655 555555 5555555655 65556555 55555555
. 655555 5555555 65555, 556 555 655555555 55555555 5555 555555555 555

- 5555 55555 556555555155555555 555555. 65555 5555555555 5555 (655555

’ ··65556555 5555 et. 65555555. 5536..

5555555 fi. 6. 5555555 555 555 65555, 55555 65555555555 5555 555555
655555555555 55555555 5555 65556555 556 65 5555 55555 65556 555
65555 555655 555555 555 5555 655555 55555655555 55555555 5555 5555555
556 5555555 6556 55 5555 55555 5565655 555555 5555 55555 5555555
5555 55555 6556 555 55555 55555655 555 5556555555 555555. 6555
55555 5555 55555555 5555 6555 5555655555 6555 5555555555. 55555

6. 65555 555555.

5Μω5 Μωωω,

655 555 65555 55 6556555.
. ¹ 665555555565655. 655. 555. 5. 9. 65555555 555. 55656555.

Ι 555 5555555 55555555. 555 55555. 655555. 555. 555. 665.. 555 5535555
xxi. 335. 6555 55565555 5555 6555 556 555 5556555655 5555555 655 5555 6565 555
· 555. 5. 5555555555 55 655555 5565555. 1

6555 65555555. 6556555555 655555 855555555655 555 55555
5863156665. Ι55555555 5555655555 65555 55555 5565555555 5555555

&aab 555 655555 55 655565. ῒ55555556555655555555 5555555555
5555655555555 656 555556 5555 555555 6555565 55555 55555555555
55555 555555 5555 555 5555 555555. 65555 555 556 555 555 555 5555 65555
555 55 65555555 (5555 555 65555 5555 55556 6655555555 55555 5555 555
55555555 55 5555555555 555556. ‘u'- 5555555 65555 65 555 5556555555
55555555555 5555 555555555 55555 555 (5555555 555555 5 5555 555 55555

, 556 5555555 6555555555 55555555 55555555 5555555555 55555555 metz

5555 6555555555. 655 6655555555 5555555 655. 55555555 65555655
6555555556 55555 5565555555. 5555 555 6555 55555555- 55555 555 55555

 

