5555 ¹ 55
Νῦ. MMLXX.

555 55555 5555555555.

55555 5555555 5355555 55 mamm

witttub,x11.172. 5555155555. 5555555. vm. 56. 55555 ΧΧΙΙ. 557.
wala X. 2123.

(535555 555 555555 555 55555. 5555555 5555555555 555555555555 -
ic 555 5555 5555 555555 6555 55. 5555555555 5555 555 eud) 555555·
5555555555 555 5555555555 (55555 5555555 555 555555 55555555 555

5555555555 555 5555 55 5555. 555, 55555 555555 5555555 5555 55 “

55555555 5555 5555 5555555555 555 555555. 55555555 5555 m«
55555555 5555555 5555555 55555 55555 5555 55 55555 555555 55555 5555
555555 5555555 555555. ,

(55555555 555 5555 55555 5155555 555555 555 555 555555 555555 ’
5555 55555 55555555 555 555555 55555 55555 5555555 555 555 555 55555
5555555 5555 5555 55555555) 555 55555555 5555 5555555555 55555 5555
&ott 555 555 55555 555 55555 5555555555 5555555 55555555. 65555555 ·
5555 555 55. 555555 5555555 55555 5555 5555555555 555 555
555555 555 55555 5555 5555555555 555 555. 555555 (1 5555.
5, 5.) 5555555555 655555 55555 555555 58555555 5555555 5555
5555 555555555555 555 5555 5555 55 555555 555 5555,
obn 5555 85555555 55555 55555 55 55 55 5555 5555 555 5555555 555
55555 55 55555555 8555 5555555 5555 55 55555555 55. 505 (55.)5 555555
55555) 55 55 555 555555 55 55555 5555555 555555555 55 55555
55 55555 55555555 5555 55 55555 5555555555 55 5555555 zat

25. 95 (¹⁰·)·

5555 5555 55 55555 5555555 555555 55555 555 5555555 65555 555·
5555555555 5555 555 555 s 55155555 555. ohne 555 55555 &amar
5555 55555 555555 5555555 555 5555 55555555 5555555 55555 55555555
555555 555 5555 555555 555555. 55555555 5555 555555 55555 55555555.
55555555 5555 5555555 5555.

 

