= 4444. m
< 17. 4444.Ι mmlx. ·

444 444 4444444444 34444444 44. ju 4444444444.

’ 4.,444444444444444 mammam 4444444444 44444444
summitatis. ,

11444444. vm 999. 44444. mm malo xxm. wit 444444 Col-¹0³.
B. 24 Iol. 94 untAuriraberlll.f.³91.m1½m,

&nabe 444 444444 44 444444. 444444444444444 4444444444
Mt 4444444444 44444 4444 4. 4. 44. 44. 4444444 4444444444444
4444444 4444 444444 444 4444444444 4444444 4444444 44 4444444444 4444
ί. Ω. ff. 44. 4444444 44444 444 4444 (44444 ¹) 444 4444 44 44444 4444 .
444 444444 44 44 4444444444. 444 4444 4444 44 444444 444 444444
4444444 4444 4444 44444 4444444444 4444 444444 44444 4444444 4444.
menn 4444 444444444444444 44444 4444 4441) 44444444 4444444444
4444 44444 44444 4. ‚³- 4. o. 4444444 4444444 4444 44444 4444
444444 44444, 444 444 44 44444 4444 4444444, 44444 4444 444 444
0444 44444 4444 444444 (44444 444 4444444 4444444 44444 44444 4444
444444444444444444443) 444444444444444. &cun 4444444444ῐῴ
444444 ⁴) 444444, 4444 ⁵) 44444 644444. 444 044444 44444 4444444
444 44444 4444444444444444. 44 4444444444 44444) 444 4444 444 444444 ·
&chet 4444444 4444444444 44 4444444. 44444444 44 4444 4444444444
4444444 4444444444 ⁷) 4444444 44. 3. 444. 4444444 4444 44444444 444
volt 44444 4444444444. 444 4444 444 4444444444 444444 44 444
4444 4444 4444444 444 4444444 4444 4444444444 44 444. 4444 444444
444 444444) 4444444 444 44444.. 4444 4. 4. 44. 0. 44444 44444444..
44 44444444. 444 4444 44444 444444 ⁹) &bus 444444 4444 044444
4444444 444 4444 444 444444 444444 44444444. 44444 444444 444
444444, 444444 &unae 444 (444444 4444 444 4444 4444444444 44444
4444444 44 444 444 4444 4444 444444. 44444444 4444 4444 4444444444
4444444 4444, 44444444 44 44444444) 444. 4444 444444 ¹⁰) 4444 444
4444444444 4444444444 444444 4444 4444444 44444444 (444444) 4444444·
44444444 44444444. 444 44444 444 444444 4444 4444] 444 4. 444. 44.

4) mmmmm 2444444-444. 3444444444 44444444. ·
44444444444444. 5) 44444. 4444. 44 {tum-‘reinmarum 74 Auru.
4444444. 4) 44444. -444 4444. 4) 444444. 444444. 44) 44444. 4444444444.

 

