296 16⁴0.

11111 tibi 11111111 utendum 111, 111ιί 1111111111111111111. ht
chre placent hi Psalmi duo ‚ ’1 1ο expositis perge in nanim
feliciter, ac vale in 10111111, consalutant ¹) 0111ιί11111) 111-
11111111111111111111111. . ’

Τ. Μ. 11111111.

¹ 11. 111111. 11111110000111.

111 111 11111111 1111111111116111111.

1. 1111111111 11 111 111 1111111111 1 1111111111 11111111 111 111 mm
1111111111 111 &mm 81111111

-

1111111111. 1111111111111 11111. xx1. 111. mmmm

311 11111 1111111111 11 1111 1111111111111111 ι 1. G. 1111111
11 11111111 111 111111 1111 1111111 11161111111111111111111
11111111 1111111111 111 1111111111 1111 111611111111111111 111
1111111 (1111111111 111 11111111111111111111 1111 11111111111111
⁸ 1111111. menn 111 111111111111111] 111111 11111 1111111111111
111111 111 1111 11111111 11111 11111111 1111111111 11111111 11111·
1111111 11111 11111111 111 11 111111111111111 11111 11111 1111111
111 111111 11111 111 111 11111 1111111. 11111 11111. 1. O. 111
11111 111111 11 11111 111 1111(11111111111.1.1.111111 111
1111111 1111111 1111111111 11 1111)] 11111 11111111 magelin
11111 11 1111 1111111111 1111111111 111111 1111111.

’11111 11 111 1111 111 11111 1111111111111111111111111, 111
111 1111111 11111111111111 1111111111 1111111 111 1111111111
111 11 111111 11111111 111111111111111111 1111111111 1111111111
1111111111, 1111 1111111111 11111 111 111 11111111111111111111
1111 111 1111 1111111111 (11111 11 111111. 1111. 1111111111
’ 111 1111111111111 1111111111 11111111. 1111 1111111111
111111 111 1111 11111 111111 11111111 11111 111111 111 111 1111

11 1111111. 1. consalutatis. 1) 111. m

⁸) 2301. 111· 111 3111. 1. za 111111111111

 

