15³6. · 61

1111111111 11111111 111111 mum 111 1111111111 1) 11111 111 1111
1111111 1111 1111111111 11111 1111 111 111111111111111111 febr 111
11111111 11111.

1111111111 1111 111111 1111161111 11111111 1 11111111. 1.. 111
111111116111111111111111 1111111111111111111111
111 111111 1111111111 11111 111111111111 11111111111111
1111111111 1111111111 11111111 1111 111 (1111111111 .
. 111111. 1111111. 11 111111111111111111111111111 111111
111 11111111 1111111111 11. 111111 11111111111111111161111111
111111111111111 1111111111 11111111 111111 111 111 111 11111111
11111111 111 11 11 1111 111111· 111 11111 1111111111. ·

1111111111 11 11111 1111111 111111 11111111 111111 111 (1111111 11
. 111 11111111 11111111 1111111111111111 111 6111111 11111111
“ 111111111111111111111 11111 111111111111 11111 11111111 11111
1111111111 111111 111 111111111111111111111111111 111111 (11111
111 111 6111111111 111 11 11 1111111111 1111111111111111 1111 11111
· 1111111-11111111111111 111111 111 111111111111111111 1111 1111111
0111111111 1111111 111 1111111. 111111 1111111111 11111 111 1111 111
01111111111111111111 1111111111 111111111111111111 111 1111

1111 111111 1111111111 1111111111 1111 1111111111 1111111 1111111 . ⁴

ει111111111111111111111111111111111111111111
111111 1111111111 1111 1111 1111 11111111 111 1111111111 1111
’.1311111111 81111 11 111 11111111 11111111 11111111 111111

111 1111 1111111111 1111 111 111 1111111111 1111 1111111011
11111111, 111111111 11. s 1111111 11111 11111 1111 1111111 61111111 11

11111111 1111111 1111 11111 611111 111111111111111111111111111 .

4 1111111 1111111111 111111111111111 1111111111 1111111111 1
. mats 111111 (1111111111 1111111 1111111.

ἰ 611111 81111 1111111111111 111111 11111 1111111111 1111 111111
111111 111111111111111111 111111111111111 11111111 111 (111111
3111111 11111111 11111 1111111111 111 11111111 1111111111 (1111111111. ,

1111 111 1111111 1111 11 1111111111111111 11111111111111111·
1111111 11111 1111 11111111 111111 1111111111 111 11 1111111 1111 1111·
111111 111111 111 11111 1111111 1111111111 1111111111 1111111111Ι
11111111111111111111111111 11111111 (1111 1111 1111111111 11111·
,ιω 111 11111 1111111111111111111111111111111111111111111111

——-——--—·¹··—

. 11 c.1’. 1111 11111111 1111111111 11111111.

 

