. χχι-1111. 111 ·

11111 1111 111 11111111, 111111 111 1111111111 111111111111111
1111111111] 1111111111 1111111111 111111 1111111 1. 11. 11.
1111111111 1111111 11111111, 1111 e. 8. 11. 11111 1111111 11111111111111
1111 1111111111 1111 1111 1111111111, 111 11 1111111111111111111
911111 1111 11111111111111 1111 11111111 1111. 61 1111111 t. 11. Oa
111 11111 11111111111111111111111111 1111111111 1111, 11111111) 1111
111111111111111111111 1111111111 11111111 11111111111111111111
111111 111 ,111111111111 111111 11 1111111. 11111111 1111111111
111 11111111 11111111 11111111 11111111111111111111111111111111111
111 111111 11111. 11111 11111111 Θ. 1. Q. 11111111) 111 fi. 11. 11. 111 ’
1111111 111111 1111 1111111. 1111111 11111111111111111111111.
1111ιὶ, anno 1119. ’

ε ⁸ 3¹11ch 11111111111111111111111
Martinus Luther.

ffmmmmm
1111111131111. ‚

m

11111 11111111) ’ N⁰. MDccocV. ’

ΜΜΜΜΜΜ

mutamur 11 1111111 11111111 11111 11111 1111111111 1111111111 111111,Ι
111111111 111111 1111111111111 1116111111111111111111111111111111111 11111
31111111111111111 11 1111111. 111111 111111 111 1111111111 11111111.

ψ

11111111. 1111. 211. 3111111111. 1111111. 11113111. 11111. XXI. 2⁹⁹.
1111111111.όῶ 11111111. ·

91111111] 111111111111111111111111 11111 1111 1111111111111111
1111111 111111111111111111111111111 1111111111 111) 1111111111
1111111111 1111111111.

1111111111 111 1111111111111111.111111111111111111111111
1111 11111 111 1111111111111 11111111 1111111 111 11111111111111111

w

’1 1111111111111111111111111 111111111111111111111113111, 1111 111 1 ime
111111 11 111 1111111111 11111, 1111111111111111, 1111111 1111111111 111111. 1⁵25.
1111111111 auda 111 111111). 1. 111 1111 11111 1111111111 11111111 111 11 111 8. 1519.
1111 11111111 11111. ε. 11111111111.. 111. p, 1111. 1111111 111. 2. 6. 19.

 

