365 1511.

1111 1111111111 1111 11111111 111 11 111111 telmon 111111 to
1111111 1111111111 11111111 111 11111111111111. 11111111
1111 1111 111 111 o. θ. 0. 11111 1111111 11111111111111 1111111
11 11111 11111111 1111111 111 1111111 111 1111111111, 111 w
1111111111 111111. 111111111111 1111 1111111 11111111 1111111
11111111 111 11 11111111 (11 11 1111111 111 1111111 11111111
11111111 111111111116111111 111111118111111 1111 11111111 om·
111 6111111 1111111111 1111111 111111) 11 1111111111111111
1111111 11111111 111 111111111 11111111

1111111 111 1111111 11111 6111111111 111 111111 m
111111 111111 1111111 111 6111111111 111111 11 11111 0111111 tm
1111111 1111111 1111111 111111 111 6111111111 11111 111 1111
611111 11 1111111111 1111111 1111111111 1111 11111111 1111 111111
111111 1111111 11111 1111111111111. 1111 1111111111 1111
11111 111111 1111111 11111 1111111 1111111 11111 1111 1111111
11111 1111111 1111111 111111111111111111111111 111 1111111111
111 11111111 111 11111111111111.

1111111111111. 1111111. 1111111111, 111 1111111111 111111
1111111111111111 11111111 1111 111 1111 1111111111 111 111
1111111111 1111111111111111111111 11 1111111111111111 1110111
111 11111111111111131111111111 111 11111111 111111 11 11111
111111 11111 111 1111111111 1111111 1111111 111 111 11111
11111111 1111111111 1111111111111111111111111 1111 111 111 111
1111111111 11. 11111 11 1111111111 1111111111 1116111111
1111111111111111111111 11111 1111111111 111 et, 111111
1111111110.) 11911 Infirmum in fide suscipite. menn 911111 Ι
1111111111 111111 11111 1111111111111 1111 1111 1111111111 ξ
111 11111 11111 11111 1111111111 11111111 1111111111111111111 1
1111111111 11111111 111 11111111 111111 11 11111161111111 111 no· ,
1111111111 11111 11111111 1111111111 11 1111111 11111111 111 3
1111) 1111111 111111 111111 11111111 111 111111. ’

1111111111 11111111111111 1111 111111111111111 1111111111
1111111 aud> 11111 1111111 11111111 1111111111 111111 111111
111111 111111 111 1111111 1111 11111111 1111 11 111111111111111111
11111111 111 1111111111111111 11 11111 11111111111111111 ;
1111111 111 111) 111 11111111 1111, 111 111111 111 111111 111111

11111111 11111 1111 1111111111 1111111111. 91111116111111
11111 Quomodo audient sine praedicante, quomodo vero 1111

dicabunt, nisi minanturetc. Qotumb 1111111 aud) 111111111ῐί1ῐί1*
1311111111 11111111 11111111111111111.

 

