11 1516.
(111611111111111111111111111111111111111111111 11 1111111 1

· 1111111), donec te possimus commode ex 1111 1011111111 liberm Ι

“ 1111111111111111, 1111110111ῃί11 cogitamus· interim 1111111111
, 1111111111111111,11111111111111111111,111111111111.111111 1

11111111 11111 111111

1111111111111111”)111111111 me fecisti. Nam 11111. ε
1111111111 sum, 1111 eum captivum in 1111111111111111, 11111
istae literae 1111111111 longe datae. Deus convertat eum, et

1111111111 viam. 11111111 1111111111 1111111111 ²) ma·
1111111 11 1111111111] 1136 Τ. Mam Lm·

1111111111. ’ No, Mnccm.
111 111111111 111111. 1111111111 11 31111. ’
¹ 111111 1111111111111111111.

¹ 11111 1111111 1111111111 111 11111 61111. 6111. 111. 111· 111 mato
Χ 1117 {Bit 1111111 1111111 cod, 111 1111111111. 1111. (August. 11. 111 1 119) 1111

“· 1111111 11111111111111111111111111111 31111111. 111111 1111511.

² memma-mmmmm

&nau 11 11111 11111. 1111111. 1111 111 1111111 .
1111111 11111 11 1111 11111 1111111 11 1111. 61111111 1111111·
tert 1111) 111111111111111111111 111 11 111111 1111111111 1111111·
1111113) 111 1111 11111 1111111111. 111 111- 1111 11111 111111 111

11 111111. 111111. 11. 1111111111. 2161111 111111 111 mm 1111111111
eum 1111 1111111 111 111111111111111111111 1111111 11111111 1111111111
11111 11111 111 1111.. 11111 11111 111 1111 11111 11. 111 11111 1111 1111111 111111
notre 11111 1111 1111 111 1111 1111111 1111111 1111111111 11111111 11111 Chri.
1111 hic ethic, 11111 1111111111 1111111 6111111 1111111 1111111 1111111 11111
111 Pater noster 1111111 8111 1111111 11111111 11111111 111111 111111 1111 11111111
1111111 1111111111111111111 111 111111 111111 1111 (1111 1111111111 1111111

, 111111 611111 1111111 11111 1111151111 11111111111111111611111111111

guz 1311 mutum 111111 11111 11111 1111111 1111 1111111111 11111111 11111.
0 1

1111111111. 11111. 1111. 11111111. 1111. 11 1111111.

 

