191 1619.

111 1111 11111 1111111111 111 111 11111111 111 6111111111
1111111 111111 ,11111111 1111111111, 1111111111 1111 1111 1111111
11111 1111 1111 11 1111 1111111 11111 11111 om 111 111 1111111111
11111 1111 11111111 11111111 6111111 1111 11111 11111111 11 111
1111111111 11111111 11 111111 11111 11111 1111 11111 61111111·
11111111 1111111111 1111 1111, 8111 1111 111 11111111 1111111
1111 111111111111111 1111 11111 1111111111 111 1111111111
111111111111 1111 11 111 1111111111 11111 1111111111 111111
1111111, 111 11 111111111111111111111111111 1111111 1111 111
1111111 1111111 e. 1. 1. o). 1111111 111111 1111 11111 11111.
11111 1111111. 1111111111111111111111111111 1111 1111
11111111, 1⁵³9.
ι oe· a· τ’ θ.
1111111111 ·

mma·

Ἣ

11111111. 11111111111111
1111111111 6111111111.

1111111111 1111111 1111 1111 181. 11311111, 111111110011111.

1111111 1111 11111111 111111 1111111111 1111111111 11111.

Θ. 11. 11111111. 1111111, 1111111111 111111 1111 111111
(111 1111 11111) 11111111 1111 1111111111 1111611111111111 111·
1111 111 1111 11111 11111 1111111 111 111 11111 31111 1111111 1111
1111111111 (1111 111 11111111) 11111111] 11111111 1111111 11111
111111 111 11111 11111111 1111111 111111 11111, 11111111 111111
111111111111111111111111111 1111 6111111 11111 11111 111111
1111. 1111 1111 1111111 1111111111 1111 11111111 111111111111
1111111 1111111 111111111111111 1111111111111111111111111
1111111 111 1111111111111111 1111111 11111 1111111 &tn-
11111 11111111 111111 111 111111 111111 1111 11111 1111111 111 111
. 11 1111 1111111111. 1111 1111111 1111 1111111 1111, 1111111
1111 11111111 111111111 11111111] 111 1111111111] 111 11111
1111111. 811111 1111111111 11111111] 11111111111111111, 111111
111111111111111111111111111] 1111111111111111111111111

 

