, 444 44 „

4444444444 4444444444 44444. 44444 4444 Q. 4. o. 444 444444
· 444 (4444 4444444. 444 444 4444444 4444 444 4444444 44. 44444444
4444 444444 44444 44444444, 44444 44 4444 444 44 4444. 444444. ,
44444444 444) 94444444 4544· -

4 4. (4.
4444444444

44444444 444444 ²³³5· ·

4.· 4444 No. 44444444.
444 444 444444 44444444 444 4444444.
44444444 44444.

444444. 4544 44444 444 94444 4444444, 444 44444444444444 4444444444 4444
444444. §ott 444444 44444444 444444 4444 444 444 44444444 44444444 444 4444
4444. 444444 44444 44 444 44444444 444 4444 4444444 44 444444 44444444
Q> 54. 4444444444. mie 4444444444 4444444. ’444 444444- 444444 444444 444444
444 444 4444444444 444 4444444 4444444 4444444 44444444. ..4444444 4444 44444.
4444444444. 4444444444 444 4444444444. 44444444 4444444444 4444 444 444

’444444 444 4444444444 444. 44444444 4444444444 4444 4444444444 4444444444 ·

4444444444 44 4444444444 4444444444 4444444444. 4444 44444 444 44444 4444444
4444 444444 4444 4444 4444444 4444444444 44 44444 4444 44444444 444. 44444444
4444 4444 4444444444 (4444444444 4444 44444444. 444444 4444 4444444444 44 44444
4444444444 4444444, 4444444 4444444. 44444 44444444. 4444444444 4444444444 444
444444 444 44444444 4444444444 44444. 444 4444 4444444 444 44444 4444444444
444 444 44444444444444 444 44444444 44444444. *4 4444 444 44 4444444444 44444-
44 44444. 44444 4444 4444 44444444 m 4444444444 444444. 444 444 444 4444444·
444 444 44444444 44444 444444 444444. 44444444 44444 4444 4444 4444444444444444
444444. 444 eutr 444444 44444 444 44444444 (444 4444) 44 4444 44444444. 444.
4444444 4444444444 4444444444. 444 4444 44444 4444444444 4444444. 4444444444 tuf
44444444. 44444444 4444· 43444444 44444 4444. 444 4444 4444444444 4444 4444444 4444
4444444 4444 44444444. 44 44444 4444 444444444444444444444 4444 444444 4444444
444444 4444444 4444444444 44 4444444444. 444 4444444444 44444 &ott 44444444,
44 44444 44444 (4444 44444, 444444 44444 444444 4444 444 4444 4444 4444 4444.
444444 444 444 44444444 444444 44 stit 44444 444444 44444 44444444 4444 444444.
wo 4444 4444 4444444 4444444444 4444444. 4444 444 444 444444 44444 4444444444 .
444 444444 44 44444. 444444 4444 4444 (444444 444 444 Pater 444444, 4444444 444
4444 4444444444 444 444 4444 eurem &dntibus 444 4444 etim 4444. 44444 4444444 ·
444 4444 44444444 4444444 4444444 4444444 44 44444 4444444444. 444444 4444 44 444

444444 4444444444 444 44444 4444 444444 4444444. 44444 4 4 444 444 4444
44444444 4444444444 44444. .

 

