1010. ,. ’404

04004 4004000 004 040400 40400400 04400 40 00004000 440400 4000
04044, 040000 040 440 400004 0444 ιοι 00400400. 4404 040 04
400404400 004 04000 004000 440044ιο ιι 4000400 4000 0440 40000
004004 044 000] ιοοι 00040οι0 0404 00004 00004 004 044440·
004 0404004000] 004 44004000 4400400 0400 44400000 044 0004
1004 04044404 40 000000 0040000400. 0000 0004 40 040 944οι
0000044404 ιο 44000οι 004 040 04440. 00400 4440004000οΜ
040044 0004 00000000 44000 1540.

04004004 404400.

00004 00004.

004000 000004000οι 040 0004004 044

04440004 4400044400. “

m*

14οι0. , Nmmbccccxxxm.

4400004 44440040 ιι 44000044. ’

ε. 440404 040 4000004040οι ιιιιι 0400 0040000040044000 40 40404000 404 40044ιο0
0000000040 400 0044000 00 4044044400 000000 ιιι 000 4404000.

’ tem. 00000. 00100004 00ιο xx1. 04. '⁴

bem 04400 004 040440040οπ0 §mnf 60000 0440004000
000400 004 §mn ιιι 4140000440 00040010 004440οι0 004
4005440400 ἰιηδιιιὸιιιι.

&aab 004 00404 40 040400. 00444000 00004 004 4040 4000 04044
000 04004 004040οι 404 000 0004 040004 40000004. 400 440 04000
400 040440 04040 ιιιαι 044 0000 0000404οι 0400 444 4400 00οι
0000440400 0. 0. 0040 0404 0014 0044000, 400044 404 04040 04ιο

0400044 0404οι 400000 4404οι 004 04044 ιιιο 44000040 40404 044 .

00 0400 0 00004440] 40 404 00404 04044 40404440 0040 4004044
00044000 40404 004 40 4040 004 000 000 040004 ιι 0040 40404
04044 00000 00000 ιο 40004 0004 00400 004000 0040044 040 0. 0.
044 400 0440004000ιο 4040 04004 4404044004 004 00000 00000
40040, 4400 0. 040444 04404 0400004 004 ιο 4404004400(οὴ

404 4000 00000 0. 0. 0004 040004 0004140400) 004οιιο0 00440οι
044 04040 0044404 440 00040400 404 000004 4004 4000040 00040οι
4040400 400004 0404 440400 004 44400400] 404 4040 0400004 04οι

 

